1
33
42
1 Eskilstuna 59.3679706 16.4365093
2 Västerås 59.6246601 16.4750515
3 Enköping 59.6380991 17.0680161
4 Rimbo 59.7416648 18.3454013
5 Norrtälje 59.7589402 18.67224
6 Kapellskär 59.7189601 19.0570252
7 Strängnäs 59.3719541 16.9817337
8 Knivsta 59.7231335 17.7761256
9 Uppsala 59.8333471 17.5884079
10 Märsta 59.6109432 17.7932517
11 Vallentuna 59.5294737 18.0455395
12 Blidö 59.6145665 18.8490229
13 Möja 59.4243958 18.855451
14 Nykvarn 59.1734107 17.3963438
15 Upplands-Väsby 59.5090013 17.8606118
16 Stockholm 59.326242 17.8419717
17 Åkersberga 59.4803699 18.2755918
18 Ljusterö 59.4873844 18.5591456
19 Svartsö 59.4530657 18.6754119
20 Sandhamn 59.2878805 18.9020756
21 Södertälje 59.1847096 17.5501079
22 Västerhaninge 59.1211138 18.0407906
23 Tyresö 59.2126645 18.2374019
24 Värmdö 59.3233478 18.4176969
25 Vaxholm 59.4045249 18.3086942
26 Vindö 59.3467712 18.6504136
27 Runmarö 59.2779929 18.7392082
28 Askö 58.8225594 17.613621
29 Nynäshamn 58.9124096 17.9108162
30 Utö 58.9434995 18.2425458
31 Ornö 59.0638278 18.3471403
32 Dalarö 59.1353396 18.4018596
33 Nämdö 59.1935361 18.6677165
1 1 2 28.6253
2 1 7 30.8917
3 2 3 33.3674
4 3 9 36.3571
5 3 10 40.8895
6 4 11 28.9963
7 4 5 18.4089
8 5 6 22.0152
9 6 12 16.4677
10 7 14 32.2844
11 8 9 16.1424
12 8 15 24.2799
13 9 10 27.2666
14 10 11 16.8506
15 11 16 25.3620
16 12 18 21.6060
17 13 18 18.1499
18 13 20 15.4081
19 14 21 8.8498
20 15 16 20.3492
21 16 17 29.9334
22 16 21 22.8676
23 16 22 25.4603
24 16 24 32.6615
25 16 25 27.8405
26 17 18 16.0292
27 17 25 8.6387
28 18 19 7.5956
29 20 27 9.3157
30 21 28 40.4332
31 22 23 15.1390
32 22 30 22.8759
33 23 30 29.9312
34 24 25 10.9373
35 24 32 20.9250
36 26 27 9.1586
37 27 33 10.2337
38 28 29 19.7924
39 29 30 19.3491
40 30 31 14.6593
41 31 32 8.5437
42 32 33 16.4767
